5 
3 6 7 6 7 6
5 3

3
a1
X
0 1 1 1 0
0 0 1 0 1
1 1 1 1 1 0  
0 0 0 1 1 1
1 1 1 0 1 1 0 
0 1 1 0 1 0 0
0 1 1 1 0 0  
1 0 0 1 1 0
1 1 1 0 1 1 0 
0 1 1 0 1 1 1
1 1 1 1 1 0  
0 1 0 1 0 0

a2
X
0 1 1 0 1
1 1 0 0 0
0 1 1 1 0 0  
1 0 0 1 1 0
1 1 1 0 1 1 0 
0 1 1 0 1 1 1
1 1 1 1 1 0  
0 1 0 1 0 0
1 1 1 1 1 0 0 
0 0 1 1 1 0 0
1 1 1 0 1 1  
0 0 1 1 0 1

b3
Y
1 0 1 0 0 
1 0 0
1 1 1 1 1 0  
1 1 0 1 1 0
1 1 1 0 1 1 0 
0 1 1 0 1 0 0
0 1 1 1 0 0  
1 0 0 1 1 0
1 0 1 0 0 1 0 
0 0 0 0 1 1 1
1 1 1 0 1 1  
0 0 1 1 0 1

anadir_individuo
b4
Y
1 1 0 0 1 
0 1 0
1 0 0 0 1 0  
1 1 1 1 1 1
0 0 0 0 0 0 0 
1 0 1 0 1 1 1
0 1 1 1 0 0  
1 0 0 1 1 0
1 0 1 1 1 1 0 
0 1 1 0 1 0 0
1 1 1 1 1 0  
0 0 0 1 1 1

anadir_individuo
a2
Y
1 1 0 0 1 
0 1 0
1 0 0 0 1 0  
1 1 1 1 1 1
0 0 0 0 0 0 0 
1 0 1 0 1 1 1
0 1 1 1 0 0  
1 0 0 1 1 0
1 0 1 1 1 1 0 
0 1 1 0 1 0 0
1 1 1 1 1 0  
0 0 0 1 1 1

escribir_poblacion

escribir_genotipo
b4

escribir_genotipo
c1
completar_arbol_genealogico
a1 a2 a3 $ $ a4 $ $ a5 $ a6 $ $ 




